Classification Report:
              precision    recall  f1-score   support

           0       1.00      0.10      0.19        87
           1       0.65      0.62      0.64       429
           2       0.68      0.63      0.65       283
           3       0.78      0.40      0.53       108
           4       0.61      0.82      0.70      1032
           5       0.87      0.42      0.57        62
           6       1.00      0.02      0.04        97
           7       0.73      0.58      0.64       164
           8       0.52      0.54      0.53       431
           9       0.80      0.28      0.41        58

    accuracy                           0.62      2751
   macro avg       0.76      0.44      0.49      2751
weighted avg       0.66      0.62      0.60      2751
