Classification Report:
              precision    recall  f1-score   support

           0       0.96      0.76      0.85        87
           1       0.90      0.78      0.84       429
           2       0.94      0.99      0.96       283
           3       0.86      0.57      0.69       108
           4       0.80      0.94      0.86      1032
           5       0.96      0.84      0.90        62
           6       0.93      0.14      0.25        97
           7       0.96      0.89      0.92       164
           8       0.75      0.82      0.78       431
           9       0.91      0.71      0.80        58

    accuracy                           0.84      2751
   macro avg       0.90      0.74      0.78      2751
weighted avg       0.85      0.84      0.83      2751
