Classification Report:
              precision    recall  f1-score   support

           0       0.96      0.82      0.88        87
           1       0.87      0.88      0.87       429
           2       0.94      0.96      0.95       283
           3       0.95      0.66      0.78       108
           4       0.84      0.92      0.88      1032
           5       0.93      0.87      0.90        62
           6       0.88      0.22      0.35        97
           7       0.94      0.82      0.88       164
           8       0.72      0.79      0.75       431
           9       0.92      0.78      0.84        58

    accuracy                           0.85      2751
   macro avg       0.89      0.77      0.81      2751
weighted avg       0.86      0.85      0.84      2751
