Classification Report:
              precision    recall  f1-score   support

           0       0.97      0.82      0.89        87
           1       0.91      0.80      0.85       429
           2       0.94      0.99      0.96       283
           3       0.93      0.74      0.82       108
           4       0.84      0.93      0.88      1032
           5       0.95      0.97      0.96        62
           6       0.83      0.31      0.45        97
           7       0.93      0.93      0.93       164
           8       0.76      0.82      0.79       431
           9       0.94      0.86      0.90        58

    accuracy                           0.86      2751
   macro avg       0.90      0.82      0.84      2751
weighted avg       0.87      0.86      0.86      2751
